5871 -2209 276 0.8581 -0.3229 0.0403 23.25
5876 -2222 229 0.8588 -0.3248 0.0335 23.50
5885 -2214 256 0.8601 -0.3236 0.0374 23.13
5892 -2245 263 0.8612 -0.3274 0.0354 23.13
5868 -2184 268 0.8576 -0.3192 0.0392 23.25
5902 -2237 224 0.8619 -0.3270 0.0327 23.13
5895 -2192 298 0.8616 -0.3204 0.0436 23.13
5850 -2205 318 0.8550 -0.3223 0.0465 23.13
5924 -2174 264 0.8658 -0.3177 0.0386 23.38
5894 -2211 300 0.8614 -0.3232 0.0438 23.13
5851 -2180 326 0.8552 -0.3186 0.0476 23.13
5844 -2199 289 0.8541 -0.3214 0.0422 23.13
5896 -2203 335 0.8617 -0.3220 0.0490 23.25
5885 -2239 303 0.8601 -0.3272 0.0443 23.13
5883 -2185 313 0.8607 -0.3210 0.0428 23.38
5914 -2249 333 0.8644 -0.3287 0.0487 23.25
5881 -2272 229 0.8595 -0.3321 0.0335 23.13
5886 -2225 294 0.8603 -0.3252 0.0430 23.13
5900 -2174 362 0.8623 -0.3177 0.0529 23.38
5898 -2236 305 0.8620 -0.3268 0.0446 23.25